125
92
138
170
144
141
148
100
130
170
83
150
118
130
174
89
120
78
100
120
140
123
135
133
99
130
107
122
204
110
126
168
98
97
180
120
150
96
95
125
144
90
128
79
144
122
140
134
186
67
106
128
107
130
123
171
137
125
128
130
130
133
101
95
98
173
90
198
140
82
130
81
94
124
128
138
132
131
168
98
102
101
130
142
170
124
110
92
116
129
98
172
150
136
88
143
100
143
112
93
206
88
170
84
134
158
116
117
114
108
144
130
116
121
112
100
150
120
127
90
128
143
139
162
92
95
146
95
115
128
130
127
150
122
140
140
119
110
95
132
125
124
133
112
97
90
80
172
120
140
128
122
130
160
144
192
163
122
154
117
138
96
104
164
118
81
117
174
128
145
150
90
85
180
166
160
160
92
170
96
120
98
92
150
94
90
160
120
109
129
157
130
107
146
139
116
95
170
134
84
146
74
144
136
100
105
106
132
120
155
129
135
98
124
135
107
96
123
90
117
133
96
149
110
105
105
134
170
81
154
169
115
84
93
91
142
126
97
101
98
154
120
150
174
202
153
142
108
143
108
104
93
105
170
178
176
104
85
117
80
98
178
148
120
122
144
96
137
121
119
96
111
148
182
141
145
110
134
130
145
130
173
92
105
175
120
139
132
114
145
110
94
134
120
123
131
171
130
94
89
87
124
78
120
96
106
170
134
115
130
118
110
100
142
140
116
120
92
110
120
80
115
76
172
99
136
150
92
95
102
145
110
95
94
142
145
121
140
137
104
92
146
120
144
94
94
113
148
98
140
100
140
100
100
132
142
176
140
105
135
128
101
122
105
83
77
140
158
176
98
107
109
109
148
158
94
96
100
105
125
170
115
122
105
133
100
120
177
142
144
120
135
107
105
108
147
115
174
90
141
82
92
116
124
125
90
83
124
140
154
150
186
166
107
87
82
114
148
140
101
140
88
180
133
108
80
75
121
140
126
102
82
121
103
108
85
125
120
94
130
110
150
107
140
119
93
133
202
134
105
160
148
151
162
92
152
65
147
150
140
139
95
115
125
76
101
143
119
78
96
180
126
150
90
160
114
113
147
100
155
107
112
166
107
81
150
110
108
130
164
114
93
90
128
97
152
175
116
80
93
122
122
135
109
93
125
206
130
121
123
122
143
121
166
135
87
111
110
130
179
93
78
180
86
88
97
134
116
170
140
118
65
120
176
180
144
133
93
122
88
170
94
170
90
78
94
73
176
128
120
82
95
118
123
90
110
96
88
98
110
80
110
110
78
129
181
114
144
101
84
154
148
146
120
110
136
141
108
94
180
122
85
148
120
91
120
106
110
169
118
92
112
140
105
178
108
173
101
120
144
133
158
120
129
102
124
90
161
120
81
150
105
79
146
124
126
121
136
102
77
98
84
102
120
117
72
168
94
145
134
148
127
172
90
96
138
120
125
123
81
171
91
84
115
125
122
92
90
94
93
130
180
134
95
184
147
123
123
90
160
115
141
160
145
89
95
160
174
92
134
172
80
150
80
166
120
92
85
154
92
140
89
135
140
82
79
88
139
124
80
120
80
117
117
140
99
93
106
124
95
96
92
124
72
71
135
95
71
180
150
189
85
140
81
104
129
94
71
146
103
124
164
138
126
103
95
200
129
98
107
174
92
90
147
143
101
118
98
138
114
180
145
115
82
166
92
108
84
95
135
110
88
119
120
122
98
140
116
124
105
118
108
100
140
109
101
78
93
87
153
142
96
125
85
140
196
134
103
130
108
123
152
108
72
121
138
188
110
105
118
176
158
115
110
174
130
78
104
121
105
81
170
78
125
92
140
96
118
92
140
174
127
96
150
100
105
104
154
80
150
156
98
92
144
150
138
172
77
107
114
117
146
160
120
100
158
142
170
84
139
151
128
118
183
83
122
165
106
77
91
148
114
120
92
118
123
89
110
118
90
130
154
105
115
110
125
102
120
97
140
97
125
88
170
137
157
130
90
183
128
130
126
120
130
122
172
103
122
130
105
120
145
99
88
126
136
113
132
135
126
102
125
149
137
120
100
164
93
180
79
146
103
140
92
102
118
93
150
130
83
102
136
145
130
156
123
132
125
162
138
161
131
122
80
109
158
126
104
110
130
177
158
114
144
125
142
120
96
144
166
92
97
90