80
71
51
55
65
92
67
67
85
81
57
78
71
51
52
64
78
44
86
63
65
69
48
85
85
79
80
81
52
67
74
56
71
64
72
81
61
75
60
79
56
76
56
56
77
67
71
59
68
53
72
60
92
67
45
50
64
84
86
61
86
70
88
77
90
43
64
59
56
51
77
76
51
61
62
49
58
71
78
68
48
34
63
50
59
78
50
91
82
63
71
74
68
62
53
83
49
56
56
62
43
68
50
62
81
54
80
61
77
61
74
51
77
65
64
70
55
84
82
51
75
64
74
49
81
87
63
55
35
78
82
80
42
78
52
63
75
76
60
56
77
84
93
92
79
59
65
45
60
74
81
78
47
69
73
50
54
66
61
73
78
86
77
45
68
68
82
45
73
60
65
60
55
33
57
71
65
70
56
83
67
70
53
34
37
74
54
70
63
57
54
63
65
50
48
74
84
62
81
57
61
53
75
77
56
89
67
85
78
82
70
80
73
84
77
78
54
71
62
72
78
74
66
66
95
80
76
71
59
63
69
78
43
79
82
82
78
73
92
80
59
91
49
47
34
56
60
84
83
67
95
84
65
44
62
50
80
70
77
52
44
79
51
77
68
74
93
77
94
60
72
87
90
57
79
76
76
70
92
84
69
59
75
56
59
80
70
59
32
54
82
89
45
62
70
77
70
80
82
73
65
72
71
70
48
73
78
67
71
74
65
59
72
70
64
90
73
76
81
71
63
95
58
60
40
36
90
71
77
83
70
50
64
68
61
59
64
66
84
56
57
74
56
68
59
73
79
50
70
58
36
86
59
59
87
49
72
53
55
81
82
74
88
76
53
72
75
65
75
73
66
66
84
53
60
74
70
80
58
53
56
70
64
88
66
79
82
25
64
57
65
92
81
82
44
51
71
70
68
41
68
47
77
79
71
80
46
79
58
64
74
41
40
87
87
40
46
47
91
90
81
49
64
95
63
39
80
67
58
81
58
70
46
70
82
65
84
69
58
65
74
34
74
70
74
35
46
24
45
72
51
50
65
67
53
65
71
33
73
67
36
75
60
62
60
72
60
51
67
23
51
34
43
53
72
59
73
67
70
49
54
80
70
69
47
79
66
64
89
70
80
63
87
45
83
69
51
61
33
63
70
70
70
60
65
85
58
76
80
74
67
53
70
56
41
49
77
75
66
61
74
27
65
28
74
68
71
75
64
83
75
31
56
29
59
59
82
63
77
53
70
46
65
79
40
57
83
73
81
58
63
77
44
75
63
73
66
56
73
72
70
86
79
77
83
44
75
74
66
67
66
59
85
77
53
77
59
46
42
35
77
59
68
83
70
72
86
63
39
80
91
45
79
73
76
96
40
67
80
73
75
46
81
61
74
79
73
78
60
45
78
76
63
52
64
53
75
80
77
73
82
44
89
42
52
45
67
52
41
71
35
60
74
75
57
74
72
70
82
79
55
77
56
90
69
80
85
63
84
81
51
35
53
92
69
47
52
91
90
61
60
37
31
57
46
84
60
67
77
93
31
76
91
78
81
67
86
74
79
73
89
65
89
51
47
78
31
44
73
39
84
56
92
76
62
68
74
44
81
76
87
81
95
64
28
78
81
59
80
65
55
72
59
77
80
42
76
41
59
69
53
70
69
67
61
75
39
86
68
91
58
45
81
60
68
76
70
83
72
59
63
56
78
79
70
86
71
71
69
93
57
89
87
58
86
78
45
79
86
91
68
61
61
81
84
78
56
79
52
55
87
85
50
71
92
66
78
80
82
65
61
84
78
56
86
57
50
80
81
63
61
83
85
51
73
91
36
44
64
83
38
37
43
88
66
84
61
66
71
49
68
77
71
82
87
73
86
54
47
53
32
76
58
47
37
70
56
72
72
51
63
69
80
88
82
60
56
80
71
58
73
82
56
65
63
85
72
83
81
57
51
71
91
83
56
60
52
81
42
68
49
70
54
70
91
51
73
81
80
44
78
45
80
56
88
88
95
85
44
58
71
63
77
72
70
74
61
55
47
81
90
56
79
79
81
77
70
82
77
67
67
68
37
74
77
90
70
65
65
34
56
37
70
81
64
82
78
70
52
65
84
73
66
57
72
57
92
49
74
80
59
91
75
80
75
84
66
73
48
77
34
48
62
93
54
85
64
57
60
42
80
82
61