83
74
53
72
80
58
76
71
62
48
72
82
68
43
73
73
59
9
66
73
74
76
42
67
68
86
80
71
68
85
84
87
61
63
63
68
73
68
79
85
65
50
97
56
58
64
81
52
59
53
64
91
70
88
54
80
72
68
72
58
96
81
59
64
59
66
62
42
73
53
89
53
59
81
78
62
48
47
73
79
73
57
34
64
76
68
41
71
66
82
60
76
76
53
47
44
35
55
66
59
55
71
90
67
72
40
80
69
72
68
53
44
62
78
81
52
78
71
85
61
63
87
68
64
60
55
93
82
30
65
83
77
86
63
85
54
53
72
45
55
78
50
65
66
89
48
69
59
35
80
77
81
92
71
70
52
67
71
74
69
83
80
63
62
82
60
45
37
77
27
55
53
53
71
94
50
80
63
64
65
52
54
34
56
47
63
55
75
85
66
60
73
72
89
41
70
77
80
64
90
48
67
48
73
55
78
78
68
30
39
43
74
62
39
55
53
74
70
62
59
84
83
60
40
52
78
58
56
60
92
51
69
74
62
62
44
70
44
51
48
89
58
55
78
51
52
37
47
69
67
66
79
53
32
66
76
88
84
58
48
41
78
33
66
88
73
47
88
61
57
47
52
68
59
86
81
70
41
62
53
90
53
76
87
64
70
48
82
74
48
69
66
60
76
68
71
73
76
67
57
56
78
65
79
80
86
46
76
73
87
79
38
66
79
37
73
85
79
79
97
61
69
67
78
56
57
14
31
87
83
55
86
77
82
91
74
80
76
67
85
76
45
43
81
56
79
74
76
73
38
28
79
94
65
70
67
63
70
90
77
59
69
50
56
36
76
25
95
65
57
40
57
74
81
76
73
51
67
68
66
63
90
89
80
84
68
45
30
72
84
86
51
78
74
77
79
88
64
71
25
49
43
80
86
89
69
64
79
60
91
70
61
48
83
52
64
28
52
57
81
84
66
65
89
55
43
62
64
62
90
94
34
78
83
76
47
69
39
57
80
74
63
65
41
37
23
63
60
24
51
81
82
47
54
77
65
26
61
69
36
15
58
57
43
20
87
32
66
59
25
58
76
44
74
68
94
32
72
59
77
39
54
57
36
68
46
32
40
74
56
68
88
69
68
80
71
34
55
59
86
54
79
58
47
74
81
45
77
51
73
67
79
77
66
64
59
66
84
61
51
73
49
58
41
85
78
80
76
70
55
76
24
67
33
61
43
61
52
62
73
44
50
47
70
29
58
41
86
63
60
62
47
94
86
68
57
82
55
85
68
49
53
36
42
62
60
77
65
68
63
69
62
37
79
69
30
63
48
36
94
79
52
73
73
72
71
79
35
45
55
66
60
91
76
77
42
29
90
62
80
61
83
90
46
89
84
45
52
33
57
70
84
67
61
37
85
74
60
63
74
59
48
82
26
91
33
47
69
88
61
93
89
66
46
40
67
72
74
86
54
85
32
76
54
89
69
54
75
70
78
76
61
31
89
63
80
60
61
71
64
71
67
88
66
43
72
62
75
84
74
86
62
60
74
75
54
79
52
52
74
70
60
86
53
76
45
63
38
83
55
51
46
86
52
73
77
87
20
63
70
53
73
37
44
20
57
70
74
68
58
44
64
45
70
65
44
80
40
46
88
78
58
57
46
65
52
77
52
43
56
83
67
83
69
55
71
71
74
46
62
64
57
64
84
61
79
44
45
91
45
27
64
50
80
80
75
84
81
49
72
58
38
38
66
74
74
90
55
83
78
59
43
78
65
57
79
43
62
67
69
71
69
60
47
65
82
50
85
79
70
62
65
58
82
54
96
54
42
88
82
66
24
38
66
65
42
90
43
60
37
71
78
52
66
60
81
62
79
83
43
72
81
36
50
56
44
89
82
72
29
51
45
60
56
70
84
54
85
86
46
67
75
54
72
62
80
48
64
58
89
63
81
77
82
45
71
48
93
20
76
40
62
83
88
82
68
75
65
86
92
72
90
56
64
49
69
57
83
67
91
40
43
87
46
76
58
62
64
90
65
51
53
59
65
73
75
59
88
74
77
74
92
66
89
91
50
57
66
80
31
44
27
76
70
60
85
62
56
60
53
75
91
58
37
77
85
62
74
67
81
60
55
63
28
50
36
35
61
31
70
16
84
44
61
76
43
53
74
39
24
67
77
67