4
4
6
15
6
24
3
4
9
33
5
7
7
3
6
4
3
3
16
4
4
3
3
5
20
9
4
4
4
5
6
5
5
5
28
4
3
6
4
6
6
5
4
10
25
3
5
7
28
7
5
3
7
4
4
7
5
4
19
4
5
5
3
14
29
3
7
7
4
3
5
9
3
3
4
3
3
9
7
6
4
3
9
3
5
4
3
8
7
7
3
9
4
4
4
33
3
13
3
3
10
5
5
28
5
6
3
3
5
3
10
3
3
4
6
33
8
17
6
3
4
4
4
4
3
7
8
5
3
5
5
4
9
5
5
8
34
4
2
3
11
6
25
9
5
11
4
3
3
5
5
5
24
20
5
6
17
4
6
4
5
6
5
3
3
10
3
4
4
4
3
4
3
5
9
22
16
4
6
8
4
8
4
3
3
5
11
4
5
5
5
3
25
8
10
3
4
7
11
5
6
28
12
10
4
33
4
4
5
49
3
9
13
4
15
6
11
19
6
21
4
6
13
3
16
14
3
12
13
5
4
14
8
23
15
7
4
8
8
5
9
22
3
8
4
24
3
64
12
5
6
11
5
5
5
5
5
30
5
39
5
25
3
3
5
4
36
9
42
3
4
5
19
5
9
9
6
3
10
7
4
3
15
4
10
4
5
6
3
5
4
16
4
4
4
4
26
6
8
6
20
30
32
10
20
4
35
7
5
3
3
3
4
7
7
4
3
6
3
11
6
31
4
6
5
8
10
5
5
5
6
4
6
13
3
5
3
3
6
3
3
38
4
4
3
6
5
3
26
4
3
29
23
3
5
3
7
3
6
3
4
7
5
13
33
28
26
5
32
2
3
3
7
4
5
6
4
3
4
3
27
6
9
8
4
4
10
3
5
4
10
6
4
7
20
3
4
32
8
4
4
3
4
11
9
10
34
8
3
4
6
5
3
9
24
7
4
5
29
6
6
29
12
24
6
3
46
10
8
3
11
4
6
6
9
10
5
6
3
5
4
4
3
5
3
3
18
4
4
3
5
4
4
4
3
7
8
3
9
3
4
3
3
5
5
3
6
23
16
3
4
5
6
4
12
4
5
3
3
9
16
5
7
4
38
7
4
6
36
7
4
4
8
8
9
8
5
8
6
39
5
10
3
5
5
9
8
3
8
5
4
3
4
18
3
21
3
19
7
15
4
5
31
3
22
5
5
10
8
23
4
4
4
5
36
7
27
3
3
5
4
11
16
8
3
3
14
18
4
6
4
3
29
3
18
5
32
11
5
4
8
6
11
19
6
9
10
35
4
5
7
3
30
6
3
5
36
4
5
5
5
3
7
11
4
4
9
3
13
17
16
6
21
3
22
9
4
6
23
12
4
28
7
5
13
5
3
31
5
3
9
10
4
3
5
4
5
14
5
23
10
24
11
3
7
4
26
8
5
33
8
6
16
8
3
4
4
4
13
24
20
5
11
28
3
7
7
8
8
24
7
6
3
25
31
38
3
22
37
4
4
9
8
4
22
8
4
30
4
8
17
13
12
21
34
4
6
9
7
6
5
40
5
18
3
3
12
4
7
21
40
3
24
3
11
5
5
3
22
4
8
8
28
4
3
8
24
40
37
9
4
4
3
20
4
6
4
5
6
8
5
13
9
39
4
3
29
4
14
10
4
14
5
4
12
3
4
6
6
4
8
3
4
23
34
16
6
3
4
27
3
7
10
41
6
8
6
4
21
15
3
5
44
14
7
27
31
5
43
35
5
21
33
5
9
20
9
38
5
36
46
6
4
36
7
29
6
21
8
31
31
8
12
3
32
9
5
9
6
4
8
4
38
31
7
9
9
19
4
35
25
4
36
6
16
6
14
5
5
3
4
34
3
4
3
39
19
17
4
4
4
4
26
6
5
11
4
14
25
3
5
6
5
3
4
14
23
4
34
8
3
3
5
5
3
4
3
11
4
20
3
4
4
8
8
6
8
4
5
7
4
5
9
7
14
23
25
11
13
11
45
23
12
8
45
8
40
10
4
4
6
4
14
14
4
4
12
3
8
11
4
12
5
5
12
26
7
7
25
7
2
3
23
7
4
4
6
5
3
4
8
18
5
3
11
4
10
4
46
36
44
32
12
39
17
59
14
7
4
5
5
12
3
20
3
32
27
4
3
6
6
5
5