89
61
32
58
23
66
83
26
22
56
56
52
65
32
66
43
76
14
67
36
87
82
44
81
83
96
82
74
52
78
35
63
17
51
61
63
39
57
48
96
84
91
38
58
75
49
82
51
49
50
17
23
55
96
13
38
88
85
42
53
59
86
72
53
40
28
10
71
48
22
84
53
14
41
55
42
27
24
58
40
50
32
36
20
48
70
45
43
40
84
67
76
14
19
34
69
17
39
24
57
50
17
37
24
53
50
92
45
65
47
37
18
79
49
54
47
30
96
89
42
79
31
68
78
39
57
88
56
12
59
69
74
20
50
20
22
48
96
17
20
74
65
68
67
92
52
27
33
24
96
90
70
86
61
87
85
40
48
41
31
89
74
36
24
61
51
73
10
60
43
51
13
42
38
84
40
95
81
53
93
40
37
12
24
17
36
54
59
46
41
75
49
19
67
37
76
52
55
18
86
20
24
35
79
53
67
24
53
5
51
42
85
45
64
28
39
25
58
7
45
90
61
85
32
62
69
61
59
26
75
69
64
14
58
47
54
20
10
59
23
63
63
4
27
25
42
13
55
25
55
78
96
46
27
56
44
38
83
69
57
36
58
27
94
38
75
47
35
71
10
40
53
74
80
82
80
26
35
78
88
36
69
55
57
15
33
77
56
17
19
67
61
17
32
86
84
6
64
53
44
71
79
80
70
50
22
75
11
90
79
63
22
42
76
18
96
64
46
64
57
40
43
46
77
45
12
64
41
72
58
34
24
30
81
92
20
67
43
44
72
68
51
20
83
44
65
66
49
29
26
28
68
78
49
82
48
96
51
40
97
61
43
43
49
40
59
18
72
43
88
47
16
72
61
52
64
40
29
42
32
56
84
25
82
74
60
55
17
31
47
80
73
82
62
38
62
34
57
83
9
50
25
65
59
83
71
34
68
4
61
89
9
23
20
52
39
60
15
97
76
6
24
44
91
20
24
46
26
17
59
29
31
53
92
88
36
70
40
44
49
51
33
88
85
78
38
53
76
72
33
69
96
70
88
84
35
55
39
71
81
22
74
23
59
19
91
86
51
22
19
87
35
42
47
78
60
72
69
92
42
41
15
57
96
33
77
19
4
48
39
42
93
51
35
47
94
94
48
51
34
42
91
60
45
82
64
83
44
62
35
50
50
35
68
27
49
74
85
19
76
53
10
37
13
55
72
59
36
14
40
46
31
16
12
69
21
52
21
25
55
61
55
46
79
7
36
11
79
57
44
85
40
52
93
49
14
76
58
60
67
57
31
70
49
44
22
74
39
18
78
63
72
22
51
75
82
56
23
47
41
51
33
29
59
76
54
86
31
36
21
79
19
56
52
63
71
19
40
24
66
96
62
92
59
45
79
31
65
11
12
47
58
76
7
8
66
53
33
26
54
54
22
77
33
73
27
29
68
65
14
24
40
79
19
30
65
67
65
80
44
10
60
61
74
70
62
92
75
90
53
50
23
31
31
91
50
44
49
79
65
37
17
30
23
43
49
47
74
76
61
4
92
42
53
83
8
89
61
86
37
75
60
89
66
44
58
31
18
68
45
54
19
62
77
46
57
59
8
68
96
82
40
36
76
26
55
56
70
71
11
86
55
73
68
24
33
81
23
23
90
66
71
35
37
47
64
28
75
33
32
56
27
59
58
41
63
54
63
22
30
45
41
63
48
22
91
55
63
90
77
6
59
28
71
97
83
25
87
62
73
24
20
53
39
72
40
61
22
32
50
93
41
39
43
78
58
51
45
50
52
66
74
55
56
67
71
41
26
77
60
24
41
72
48
26
91
30
74
80
32
20
14
60
28
29
61
32
83
67
50
45
53
37
82
46
59
43
45
33
14
49
79
27
7
27
31
68
70
36
39
29
63
74
15
76
68
40
77
39
30
88
42
20
88
29
42
90
90
68
30
21
90
63
56
25
46
28
61
32
54
14
97
59
87
59
5
62
72
36
41
31
67
55
52
8
52
83
80
44
68
78
56
94
18
46
46
38
46
56
70
73
43
64
66
90
71
97
49
74
49
72
80
28
71
78
75
58
79
52
22
21
17
26
48
4
75
75
26
24
24
43
65
24
24
92
50
53
13
22
82
62
23
45
16
11
33
12
25
15
20
39
55
25
62
22
40
11
55
24
7
81
67
32